title:Brave Gun Hunt 
description:hunting for the rolls I want on new Brave Guns

// Hammerhead ()
dimwishlist:item=211732170&perks=3250034553,1968497646,1354429876,557221067,2489430594
dimwishlist:item=211732170&perks=3250034553,1968497646,1354429876,365154968,2489430594
dimwishlist:item=211732170&perks=3250034553,1968497646,968510818,557221067,2489430594
dimwishlist:item=211732170&perks=3250034553,1968497646,968510818,365154968,2489430594
dimwishlist:item=211732170&perks=3250034553,679225683,1354429876,557221067,2489430594
dimwishlist:item=211732170&perks=3250034553,679225683,1354429876,365154968,2489430594
dimwishlist:item=211732170&perks=3250034553,679225683,968510818,557221067,2489430594
dimwishlist:item=211732170&perks=3250034553,679225683,968510818,365154968,2489430594
dimwishlist:item=211732170&perks=1482024992,1968497646,1354429876,557221067,2489430594
dimwishlist:item=211732170&perks=1482024992,1968497646,1354429876,365154968,2489430594
dimwishlist:item=211732170&perks=1482024992,1968497646,968510818,557221067,2489430594
dimwishlist:item=211732170&perks=1482024992,1968497646,968510818,365154968,2489430594
dimwishlist:item=211732170&perks=1482024992,679225683,1354429876,557221067,2489430594
dimwishlist:item=211732170&perks=1482024992,679225683,1354429876,365154968,2489430594
dimwishlist:item=211732170&perks=1482024992,679225683,968510818,557221067,2489430594
dimwishlist:item=211732170&perks=1482024992,679225683,968510818,365154968,2489430594
dimwishlist:item=211732170&perks=4090651448,1968497646,1354429876,557221067,2489430594
dimwishlist:item=211732170&perks=4090651448,1968497646,1354429876,365154968,2489430594
dimwishlist:item=211732170&perks=4090651448,1968497646,968510818,557221067,2489430594
dimwishlist:item=211732170&perks=4090651448,1968497646,968510818,365154968,2489430594
dimwishlist:item=211732170&perks=4090651448,679225683,1354429876,557221067,2489430594
dimwishlist:item=211732170&perks=4090651448,679225683,1354429876,365154968,2489430594
dimwishlist:item=211732170&perks=4090651448,679225683,968510818,557221067,2489430594
dimwishlist:item=211732170&perks=4090651448,679225683,968510818,365154968,2489430594


// Falling Guillotine ()
dimwishlist:item=243425374&perks=938542991,269888150,1546637391,2077819806
dimwishlist:item=243425374&perks=938542991,269888150,1546637391,3913600130
dimwishlist:item=243425374&perks=938542991,269888150,2396489472,2077819806
dimwishlist:item=243425374&perks=938542991,269888150,2396489472,3913600130
dimwishlist:item=243425374&perks=938542991,269888150,3705817207,2077819806
dimwishlist:item=243425374&perks=938542991,269888150,3705817207,3913600130
dimwishlist:item=243425374&perks=938542991,269888150,4104185692,2077819806
dimwishlist:item=243425374&perks=938542991,269888150,4104185692,3913600130
dimwishlist:item=243425374&perks=938542991,269888150,1749209109,2077819806
dimwishlist:item=243425374&perks=938542991,269888150,1749209109,3913600130
dimwishlist:item=243425374&perks=938542991,269888150,776531651,2077819806
dimwishlist:item=243425374&perks=938542991,269888150,776531651,3913600130
dimwishlist:item=243425374&perks=938542991,269888150,243981275,2077819806
dimwishlist:item=243425374&perks=938542991,269888150,243981275,3913600130
dimwishlist:item=243425374&perks=436053704,269888150,1546637391,2077819806
dimwishlist:item=243425374&perks=436053704,269888150,1546637391,3913600130
dimwishlist:item=243425374&perks=436053704,269888150,2396489472,2077819806
dimwishlist:item=243425374&perks=436053704,269888150,2396489472,3913600130
dimwishlist:item=243425374&perks=436053704,269888150,3705817207,2077819806
dimwishlist:item=243425374&perks=436053704,269888150,3705817207,3913600130
dimwishlist:item=243425374&perks=436053704,269888150,4104185692,2077819806
dimwishlist:item=243425374&perks=436053704,269888150,4104185692,3913600130
dimwishlist:item=243425374&perks=436053704,269888150,1749209109,2077819806
dimwishlist:item=243425374&perks=436053704,269888150,1749209109,3913600130
dimwishlist:item=243425374&perks=436053704,269888150,776531651,2077819806
dimwishlist:item=243425374&perks=436053704,269888150,776531651,3913600130
dimwishlist:item=243425374&perks=436053704,269888150,243981275,2077819806
dimwishlist:item=243425374&perks=436053704,269888150,243981275,3913600130


// Hung Jury SR4 ()
dimwishlist:item=1453235079&perks=4090651448,3142289711,3891536761,3824105627,2489430594
dimwishlist:item=1453235079&perks=1467527085,3142289711,3891536761,3824105627,2489430594
dimwishlist:item=1453235079&perks=3250034553,3142289711,3891536761,3824105627,2489430594
dimwishlist:item=1453235079&perks=1482024992,3142289711,3891536761,3824105627,2489430594


// Edge Transit ()
dimwishlist:item=2228325504&perks=1478423395,3373736292,968510818,3078487919,2489430594
dimwishlist:item=2228325504&perks=1478423395,3373736292,968510818,2048641572,2489430594
dimwishlist:item=2228325504&perks=1478423395,3373736292,3300816228,3078487919,2489430594
dimwishlist:item=2228325504&perks=1478423395,3373736292,3300816228,2048641572,2489430594
dimwishlist:item=2228325504&perks=1478423395,1380253176,968510818,3078487919,2489430594
dimwishlist:item=2228325504&perks=1478423395,1380253176,968510818,2048641572,2489430594
dimwishlist:item=2228325504&perks=1478423395,1380253176,3300816228,3078487919,2489430594
dimwishlist:item=2228325504&perks=1478423395,1380253176,3300816228,2048641572,2489430594
dimwishlist:item=2228325504&perks=1478423395,3301904089,968510818,3078487919,2489430594
dimwishlist:item=2228325504&perks=1478423395,3301904089,968510818,2048641572,2489430594
dimwishlist:item=2228325504&perks=1478423395,3301904089,3300816228,3078487919,2489430594
dimwishlist:item=2228325504&perks=1478423395,3301904089,3300816228,2048641572,2489430594
dimwishlist:item=2228325504&perks=1844523823,3373736292,968510818,3078487919,2489430594
dimwishlist:item=2228325504&perks=1844523823,3373736292,968510818,2048641572,2489430594
dimwishlist:item=2228325504&perks=1844523823,3373736292,3300816228,3078487919,2489430594
dimwishlist:item=2228325504&perks=1844523823,3373736292,3300816228,2048641572,2489430594
dimwishlist:item=2228325504&perks=1844523823,1380253176,968510818,3078487919,2489430594
dimwishlist:item=2228325504&perks=1844523823,1380253176,968510818,2048641572,2489430594
dimwishlist:item=2228325504&perks=1844523823,1380253176,3300816228,3078487919,2489430594
dimwishlist:item=2228325504&perks=1844523823,1380253176,3300816228,2048641572,2489430594
dimwishlist:item=2228325504&perks=1844523823,3301904089,968510818,3078487919,2489430594
dimwishlist:item=2228325504&perks=1844523823,3301904089,968510818,2048641572,2489430594
dimwishlist:item=2228325504&perks=1844523823,3301904089,3300816228,3078487919,2489430594
dimwishlist:item=2228325504&perks=1844523823,3301904089,3300816228,2048641572,2489430594


// Forbearance ()
dimwishlist:item=2480074702&perks=3809316345,3492396210,509074078,2610012052
dimwishlist:item=2480074702&perks=3809316345,3492396210,509074078,3078487919
dimwishlist:item=2480074702&perks=3809316345,3492396210,509074078,2396489472
dimwishlist:item=2480074702&perks=3809316345,3492396210,2010801679,2610012052
dimwishlist:item=2480074702&perks=3809316345,3492396210,2010801679,3078487919
dimwishlist:item=2480074702&perks=3809316345,3492396210,2010801679,2396489472
dimwishlist:item=2480074702&perks=3798852852,3492396210,509074078,2610012052
dimwishlist:item=2480074702&perks=3798852852,3492396210,509074078,3078487919
dimwishlist:item=2480074702&perks=3798852852,3492396210,509074078,2396489472
dimwishlist:item=2480074702&perks=3798852852,3492396210,2010801679,2610012052
dimwishlist:item=2480074702&perks=3798852852,3492396210,2010801679,3078487919
dimwishlist:item=2480074702&perks=3798852852,3492396210,2010801679,2396489472


// Midnight Coup (pve,god-pve)
//notes: tags:pve,god-pve
dimwishlist:item=2499720827&perks=4090651448,3142289711,3824105627,3891536761,2489430594
dimwishlist:item=2499720827&perks=4090651448,3142289711,3824105627,47981717,2489430594
dimwishlist:item=2499720827&perks=4090651448,3142289711,1168162263,3891536761,2489430594
dimwishlist:item=2499720827&perks=4090651448,3142289711,1168162263,47981717,2489430594
dimwishlist:item=2499720827&perks=1482024992,3142289711,3824105627,3891536761,2489430594
dimwishlist:item=2499720827&perks=1482024992,3142289711,3824105627,47981717,2489430594
dimwishlist:item=2499720827&perks=1482024992,3142289711,1168162263,3891536761,2489430594
dimwishlist:item=2499720827&perks=1482024992,3142289711,1168162263,47981717,2489430594
dimwishlist:item=2499720827&perks=3250034553,3142289711,3824105627,3891536761,2489430594
dimwishlist:item=2499720827&perks=3250034553,3142289711,3824105627,47981717,2489430594
dimwishlist:item=2499720827&perks=3250034553,3142289711,1168162263,3891536761,2489430594
dimwishlist:item=2499720827&perks=3250034553,3142289711,1168162263,47981717,2489430594


// Blast Furnace ()
dimwishlist:item=2533990645&perks=1482024992,3891536761,3824105627,2489430594
dimwishlist:item=2533990645&perks=1482024992,3891536761,1015611457,2489430594
dimwishlist:item=2533990645&perks=3250034553,3891536761,3824105627,2489430594
dimwishlist:item=2533990645&perks=3250034553,3891536761,1015611457,2489430594
dimwishlist:item=2533990645&perks=4090651448,3891536761,3824105627,2489430594
dimwishlist:item=2533990645&perks=4090651448,3891536761,1015611457,2489430594


// Midnight Coup ()
dimwishlist:item=2763843898&perks=4090651448,3142289711,3824105627,3891536761,2489430594


// The Recluse ()
dimwishlist:item=3098328572&perks=1482024992,1885400500,1820235745,2048641572,2489430594
dimwishlist:item=3098328572&perks=1482024992,1885400500,1820235745,3081867624,2489430594
dimwishlist:item=3098328572&perks=1482024992,1968497646,1820235745,2048641572,2489430594
dimwishlist:item=3098328572&perks=1482024992,1968497646,1820235745,3081867624,2489430594
dimwishlist:item=3098328572&perks=1482024992,1561002382,1820235745,2048641572,2489430594
dimwishlist:item=3098328572&perks=1482024992,1561002382,1820235745,3081867624,2489430594
dimwishlist:item=3098328572&perks=1482024992,679225683,1820235745,2048641572,2489430594
dimwishlist:item=3098328572&perks=1482024992,679225683,1820235745,3081867624,2489430594
dimwishlist:item=3098328572&perks=3250034553,1885400500,1820235745,2048641572,2489430594
dimwishlist:item=3098328572&perks=3250034553,1885400500,1820235745,3081867624,2489430594
dimwishlist:item=3098328572&perks=3250034553,1968497646,1820235745,2048641572,2489430594
dimwishlist:item=3098328572&perks=3250034553,1968497646,1820235745,3081867624,2489430594
dimwishlist:item=3098328572&perks=3250034553,1561002382,1820235745,2048641572,2489430594
dimwishlist:item=3098328572&perks=3250034553,1561002382,1820235745,3081867624,2489430594
dimwishlist:item=3098328572&perks=3250034553,679225683,1820235745,2048641572,2489430594
dimwishlist:item=3098328572&perks=3250034553,679225683,1820235745,3081867624,2489430594
dimwishlist:item=3098328572&perks=1467527085,1885400500,1820235745,2048641572,2489430594
dimwishlist:item=3098328572&perks=1467527085,1885400500,1820235745,3081867624,2489430594
dimwishlist:item=3098328572&perks=1467527085,1968497646,1820235745,2048641572,2489430594
dimwishlist:item=3098328572&perks=1467527085,1968497646,1820235745,3081867624,2489430594
dimwishlist:item=3098328572&perks=1467527085,1561002382,1820235745,2048641572,2489430594
dimwishlist:item=3098328572&perks=1467527085,1561002382,1820235745,3081867624,2489430594
dimwishlist:item=3098328572&perks=1467527085,679225683,1820235745,2048641572,2489430594
dimwishlist:item=3098328572&perks=1467527085,679225683,1820235745,3081867624,2489430594
dimwishlist:item=3098328572&perks=4090651448,1885400500,1820235745,2048641572,2489430594
dimwishlist:item=3098328572&perks=4090651448,1885400500,1820235745,3081867624,2489430594
dimwishlist:item=3098328572&perks=4090651448,1968497646,1820235745,2048641572,2489430594
dimwishlist:item=3098328572&perks=4090651448,1968497646,1820235745,3081867624,2489430594
dimwishlist:item=3098328572&perks=4090651448,1561002382,1820235745,2048641572,2489430594
dimwishlist:item=3098328572&perks=4090651448,1561002382,1820235745,3081867624,2489430594
dimwishlist:item=3098328572&perks=4090651448,679225683,1820235745,2048641572,2489430594
dimwishlist:item=3098328572&perks=4090651448,679225683,1820235745,3081867624,2489430594


// Elsie's Rifle ()
dimwishlist:item=3851176026&perks=4090651448,1885400500,3418782618,2048641572,2489430594
dimwishlist:item=3851176026&perks=4090651448,1885400500,3418782618,1015611457,2489430594
dimwishlist:item=3851176026&perks=4090651448,1885400500,3418782618,2109543898,2489430594
dimwishlist:item=3851176026&perks=4090651448,1885400500,3418782618,3047969693,2489430594
dimwishlist:item=3851176026&perks=4090651448,1968497646,3418782618,2048641572,2489430594
dimwishlist:item=3851176026&perks=4090651448,1968497646,3418782618,1015611457,2489430594
dimwishlist:item=3851176026&perks=4090651448,1968497646,3418782618,2109543898,2489430594
dimwishlist:item=3851176026&perks=4090651448,1968497646,3418782618,3047969693,2489430594
dimwishlist:item=3851176026&perks=1467527085,1885400500,3418782618,2048641572,2489430594
dimwishlist:item=3851176026&perks=1467527085,1885400500,3418782618,1015611457,2489430594
dimwishlist:item=3851176026&perks=1467527085,1885400500,3418782618,2109543898,2489430594
dimwishlist:item=3851176026&perks=1467527085,1885400500,3418782618,3047969693,2489430594
dimwishlist:item=3851176026&perks=1467527085,1968497646,3418782618,2048641572,2489430594
dimwishlist:item=3851176026&perks=1467527085,1968497646,3418782618,1015611457,2489430594
dimwishlist:item=3851176026&perks=1467527085,1968497646,3418782618,2109543898,2489430594
dimwishlist:item=3851176026&perks=1467527085,1968497646,3418782618,3047969693,2489430594
dimwishlist:item=3851176026&perks=1482024992,1885400500,3418782618,2048641572,2489430594
dimwishlist:item=3851176026&perks=1482024992,1885400500,3418782618,1015611457,2489430594
dimwishlist:item=3851176026&perks=1482024992,1885400500,3418782618,2109543898,2489430594
dimwishlist:item=3851176026&perks=1482024992,1885400500,3418782618,3047969693,2489430594
dimwishlist:item=3851176026&perks=1482024992,1968497646,3418782618,2048641572,2489430594
dimwishlist:item=3851176026&perks=1482024992,1968497646,3418782618,1015611457,2489430594
dimwishlist:item=3851176026&perks=1482024992,1968497646,3418782618,2109543898,2489430594
dimwishlist:item=3851176026&perks=1482024992,1968497646,3418782618,3047969693,2489430594
dimwishlist:item=3851176026&perks=202670084,1885400500,3418782618,2048641572,2489430594
dimwishlist:item=3851176026&perks=202670084,1885400500,3418782618,1015611457,2489430594
dimwishlist:item=3851176026&perks=202670084,1885400500,3418782618,2109543898,2489430594
dimwishlist:item=3851176026&perks=202670084,1885400500,3418782618,3047969693,2489430594
dimwishlist:item=3851176026&perks=202670084,1968497646,3418782618,2048641572,2489430594
dimwishlist:item=3851176026&perks=202670084,1968497646,3418782618,1015611457,2489430594
dimwishlist:item=3851176026&perks=202670084,1968497646,3418782618,2109543898,2489430594
dimwishlist:item=3851176026&perks=202670084,1968497646,3418782618,3047969693,2489430594


// The Mountaintop ()
dimwishlist:item=4043921923&perks=981914802,3301904089,3300816228,4104185692,2489430594
dimwishlist:item=4043921923&perks=981914802,3301904089,1556840489,4104185692,2489430594
dimwishlist:item=4043921923&perks=981914802,3301904089,3643424744,4104185692,2489430594
dimwishlist:item=4043921923&perks=981914802,3373736292,3300816228,4104185692,2489430594
dimwishlist:item=4043921923&perks=981914802,3373736292,1556840489,4104185692,2489430594
dimwishlist:item=4043921923&perks=981914802,3373736292,3643424744,4104185692,2489430594
dimwishlist:item=4043921923&perks=3809316345,3301904089,3300816228,4104185692,2489430594
dimwishlist:item=4043921923&perks=3809316345,3301904089,1556840489,4104185692,2489430594
dimwishlist:item=4043921923&perks=3809316345,3301904089,3643424744,4104185692,2489430594
dimwishlist:item=4043921923&perks=3809316345,3373736292,3300816228,4104185692,2489430594
dimwishlist:item=4043921923&perks=3809316345,3373736292,1556840489,4104185692,2489430594
dimwishlist:item=4043921923&perks=3809316345,3373736292,3643424744,4104185692,2489430594


